BOT_TOKEN=6279378107:AAEXs-lCkBe_8iig1Enu5ueKLG9YyRSWrPM
ADMINS=659237008
latitude=40.460439
longitude=71.212065