BOT_TOKEN=6903235309:AAEFB-yqYhT5pRENrbXPuB8z7eId-HHGHDI
#BOT_TOKEN=6279378107:AAHlvNNY4eW0SaaBOro5GiP8M-3R3rRvq5M
ADMINS=659237008
latitude=40.460439
longitude=71.212065