BOT_TOKEN=6903235309:AAEFB-yqYhT5pRENrbXPuB8z7eId-HHGHDI
ADMINS=659237008
latitude=40.460439
longitude=71.212065