BOT_TOKEN=6903235309:AAEEdcZKvpXb5U2x16kZbpiEvXEjfelD6As
ADMINS=659237008
latitude=40.460439
longitude=71.212065